
1,6
1,10
1,12
1,15
1,18
1,20
2,15
2,21
2,35
3,10
3,14
3,20
3,28
3,35
3,40
3,56
4,15
4,21
4,35
4,45
4,55
4,63
5,6
5,12
5,14
5,18
5,21
5,22
5,24
5,26
5,28
5,33
5,36
5,42
5,44
5,56
5,63
5,72
5,99
5,112
6,35
6,65
6,77
7,6
7,10
7,12
7,15
7,18
7,20
7,22
7,24
7,26
7,30
7,33
7,36
7,40
7,45
7,52
7,55
7,60
7,66
7,72
7,80
7,90
7,104
7,110
8,15
8,21
8,33
8,35
8,39
8,45
8,55
8,63
8,77
8,143
9,10
9,14
9,20
9,22
9,26
9,28
9,35
9,44
9,55
9,56
9,65
9,70
9,77
9,88
9,91
9,154
9,176
9,182
10,21
10,33
10,51
10,63
10,77
10,91
10,99
11,6
11,10
11,12
11,14
11,15
11,18
11,20
11,21
11,24
11,26
11,28
11,30
11,35
11,36
11,39
11,40
11,42
11,45
11,52
11,56
11,57
11,60
11,63
11,65
11,70
11,80
11,85
11,91
11,105
11,117
11,130
12,35
12,55
12,65
12,77
12,95
12,119
12,143
13,10
13,12
13,14
13,15
13,18
13,20
13,21
13,22
13,24
13,28
13,30
13,33
13,35
13,36
13,40
13,44
13,45
13,51
13,55
13,56
13,60
13,63
13,66
13,69
13,70
13,72
13,77
13,105
13,110
13,112
13,133
13,153
13,154
13,165
14,15
14,33
14,39
14,45
14,55
14,57
14,65
14,99
14,115
14,171
14,187
14,195
15,14
15,22
15,26
15,28
15,52
15,77
15,104
15,161
15,208
15,209
15,221
16,15
16,21
16,33
16,35
16,45
16,51
16,65
16,69
16,77
16,85
16,91
16,99
16,105
16,143
16,207
16,231
16,247
16,255
17,10
17,12
17,14
17,15
17,18
17,20
17,21
17,22
17,24
17,26
17,28
17,30
17,33
17,35
17,36
17,39
17,40
17,42
17,44
17,45
17,55
17,56
17,57
17,60
17,63
17,65
17,77
17,80
17,88
17,90
17,91
17,95
17,110
17,112
17,126
17,253
17,273
17,285
18,35
18,55
18,91
18,299
18,323
19,10
19,12
19,14
19,15
19,18
19,20
19,21
19,22
19,24
19,26
19,28
19,30
19,33
19,35
19,36
19,40
19,42
19,45
19,51
19,52
19,55
19,56
19,60
19,63
19,65
19,66
19,69
19,70
19,72
19,77
19,80
19,99
19,110
19,112
19,115
19,119
19,143
19,198
19,345
19,357
20,21
20,33
20,39
20,57
20,63
20,77
20,117
20,133
20,391
20,399
21,20
21,22
21,26
21,40
21,44
21,65
21,80
21,85
21,88
21,130
21,143
21,437
22,15
22,21
22,35
22,45
22,51
22,63
22,65
22,69
22,91
22,95
22,153
22,161
22,483
23,12
23,14
23,15
23,18
23,20
23,21
23,22
23,24
23,26
23,28
23,30
23,33
23,35
23,36
23,39
23,40
23,42
23,45
23,52
23,55
23,56
23,57
23,60
23,63
23,70
23,72
23,77
23,80
23,91
23,99
23,104
23,105
23,110
23,143
23,154
23,171
23,182
24,35
24,55
24,65
24,77
24,91
24,115
25,14
25,18
25,21
25,22
25,24
25,26
25,28
25,33
25,36
25,42
25,44
25,51
25,56
25,63
25,66
25,69
25,72
25,88
25,91
25,99
25,112
25,143
25,176
25,187
25,207
26,15
26,21
26,33
26,35
26,45
26,55
26,57
26,63
26,77
26,85
26,99
26,105
26,119
26,209
27,20
27,22
27,26
27,28
27,35
27,40
27,44
27,52
27,55
27,56
27,65
27,70
27,77
27,80
27,95
27,104
27,110
27,112
27,133
27,143
27,154
27,208
28,15
28,33
28,45
28,51
28,55
28,69
28,85
28,99
28,165
28,221
28,253
29,15
29,18
29,20
29,21
29,22
29,24
29,26
29,28
29,30
29,33
29,35
29,36
29,39
29,40
29,42
29,44
29,45
29,55
29,56
29,57
29,60
29,63
29,65
29,66
29,70
29,72
29,77
29,80
29,88
29,91
29,110
29,112
29,115
29,117
29,119
29,126
29,143
29,161
29,176
29,195
29,247
30,77
30,91
30,143
31,18
31,20
31,21
31,22
31,24
31,26
31,28
31,30
31,33
31,35
31,36
31,40
31,42
31,44
31,45
31,51
31,52
31,55
31,56
31,60
31,63
31,65
31,66
31,69
31,70
31,72
31,77
31,80
31,85
31,88
31,90
31,91
31,95
31,104
31,105
31,112
31,126
31,130
31,153
31,154
31,176
31,182
31,187
31,208
31,255
31,299
32,21
32,33
32,35
32,39
32,45
32,55
32,57
32,63
32,65
32,77
32,91
32,95
32,99
32,105
32,133
32,143
32,171
32,221
32,285
33,20
33,26
33,28
33,35
33,40
33,52
33,56
33,70
33,80
33,85
33,104
33,112
33,119
34,21
34,33
34,35
34,39
34,45
34,55
34,63
34,65
34,69
34,77
34,99
34,105
34,115
34,133
34,143
34,207
34,209
34,345
35,18
35,22
35,24
35,26
35,33
35,36
35,39
35,44
35,52
35,57
35,66
35,72
35,99
35,104
35,247
35,323
36,35
36,55
36,65
36,77
36,85
36,91
36,95
36,119
36,143
36,161
36,187
37,20
37,21
37,22
37,24
37,26
37,28
37,30
37,33
37,35
37,36
37,39
37,40
37,42
37,44
37,45
37,51
37,52
37,55
37,56
37,60
37,63
37,65
37,66
37,69
37,70
37,72
37,77
37,80
37,88
37,90
37,91
37,95
37,99
37,105
37,110
37,112
37,115
37,117
37,130
37,154
37,182
37,198
37,209
37,231
37,323
37,391
38,21
38,33
38,35
38,39
38,45
38,55
38,63
38,65
38,77
38,85
38,91
38,99
38,105
38,117
38,143
38,161
38,231
38,273
39,20
39,22
39,28
39,35
39,40
39,44
39,55
39,56
39,70
39,77
39,80
39,88
39,110
39,112
39,115
39,133
39,253
40,21
40,33
40,39
40,51
40,63
40,69
40,77
40,119
40,143
40,153
40,253
40,357
40,437
41,24
41,26
41,28
41,30
41,33
41,35
41,36
41,39
41,40
41,42
41,44
41,45
41,52
41,55
41,56
41,57
41,60
41,63
41,65
41,66
41,70
41,72
41,77
41,80
41,85
41,88
41,90
41,95
41,99
41,104
41,105
41,110
41,112
41,130
41,133
41,143
41,154
41,171
41,176
41,198
41,208
41,221
41,299
41,399
42,55
42,65
42,95
42,115
42,143
42,187
42,247
43,24
43,26
43,28
43,30
43,33
43,35
43,36
43,39
43,40
43,42
43,44
43,45
43,51
43,52
43,55
43,56
43,60
43,63
43,65
43,66
43,69
43,70
43,72
43,77
43,80
43,85
43,88
43,90
43,91
43,99
43,104
43,105
43,110
43,112
43,119
43,126
43,143
43,161
43,165
43,198
43,207
43,208
43,273
43,391
43,483
44,35
44,39
44,45
44,51
44,57
44,63
44,65
44,91
44,105
44,115
44,195
44,299
44,437
45,26
45,28
45,44
45,52
45,56
45,77
45,88
45,91
45,112
45,143
45,154
45,161
45,176
45,182
45,209
45,221
46,33
46,35
46,39
46,45
46,51
46,55
46,63
46,65
46,77
46,85
46,91
46,95
46,99
46,105
46,117
46,119
46,133
46,165
46,255
47,26
47,28
47,30
47,33
47,35
47,36
47,40
47,42
47,44
47,45
47,51
47,52
47,55
47,56
47,57
47,60
47,63
47,65
47,66
47,70
47,72
47,77
47,80
47,88
47,90
47,95
47,99
47,104
47,105
47,110
47,112
47,115
47,117
47,119
47,126
47,130
47,143
47,153
47,176
47,187
47,208
47,285
48,35
48,55
48,65
48,77
48,85
48,91
48,133
48,187
48,209
48,247
49,30
49,33
49,36
49,39
49,40
49,44
49,45
49,51
49,52
49,55
49,57
49,60
49,65
49,66
49,69
49,72
49,80
49,88
49,90
49,99
49,104
49,110
49,115
49,143
49,153
49,221
49,345
50,33
50,51
50,57
50,63
50,77
50,91
50,99
50,117
50,119
50,161
50,171
50,253
51,28
51,35
51,40
51,44
51,52
51,55
51,56
51,65
51,70
51,77
51,80
51,88
51,91
51,95
51,104
51,110
51,112
51,130
51,133
51,143
51,154
51,176
51,182
51,253
52,33
52,35
52,45
52,51
52,55
52,57
52,63
52,69
52,77
52,95
52,99
52,105
52,115
52,161
52,171
52,207
52,323
53,28
53,30
53,33
53,35
53,36
53,40
53,42
53,44
53,45
53,51
53,52
53,55
53,56
53,57
53,60
53,63
53,65
53,66
53,70
53,72
53,77
53,80
53,85
53,88
53,90
53,91
53,99
53,104
53,105
53,110
53,112
53,119
53,126
53,133
53,143
53,154
53,176
53,187
53,195
53,208
53,209
53,357
54,35
54,55
54,65
54,77
54,115
54,119
54,143
54,221
54,247
54,299
54,323
54,391
55,36
55,39
55,42
55,51
55,52
55,56
55,57
55,63
55,69
55,72
55,91
55,104
55,112
55,117
55,133
55,247
56,33
56,45
56,51
56,55
56,57
56,65
56,85
56,95
56,99
56,117
56,143
56,153
56,209
56,323
57,35
57,40
57,44
57,52
57,55
57,56
57,65
57,70
57,77
57,80
57,88
57,91
57,104
57,110
57,112
57,115
57,119
57,130
57,154
57,161
57,176
57,182
57,208
57,299
58,33
58,35
58,39
58,45
58,51
58,55
58,57
58,63
58,65
58,69
58,77
58,85
58,91
58,99
58,105
58,133
58,143
58,153
58,165
58,187
58,221
58,231
58,399
59,33
59,35
59,36
59,40
59,42
59,44
59,45
59,51
59,52
59,55
59,56
59,57
59,60
59,63
59,65
59,66
59,69
59,70
59,72
59,77
59,80
59,88
59,90
59,91
59,99
59,104
59,105
59,110
59,112
59,115
59,117
59,126
59,154
59,161
59,171
59,182
59,187
59,195
59,198
59,208
59,209
59,231
59,273
59,437
60,77
60,91
60,119
60,133
60,143
60,391
61,33
61,35
61,36
61,39
61,40
61,42
61,44
61,45
61,52
61,55
61,56
61,57
61,60
61,63
61,65
61,66
61,69
61,70
61,72
61,77
61,80
61,85
61,88
61,90
61,91
61,95
61,99
61,104
61,105
61,110
61,112
61,119
61,126
61,130
61,161
61,165
61,171
61,176
61,182
61,198
61,207
61,247
61,253
61,255
61,357
62,35
62,45
62,51
62,55
62,57
62,63
62,65
62,69
62,77
62,85
62,91
62,95
62,99
62,105
62,115
62,133
62,143
62,207
62,221
62,253
62,285
62,399
63,40
63,44
63,52
63,55
63,65
63,80
63,85
63,88
63,104
63,110
63,130
63,143
63,176
63,208
63,253
63,437
64,35
64,39
64,45
64,55
64,57
64,63
64,65
64,69
64,77
64,91
64,99
64,105
64,115
64,117
64,119
64,143
64,153
64,161
64,187
64,209
64,273
64,299
64,345
64,483
65,36
65,42
65,51
65,56
65,57
65,63
65,66
65,69
65,72
65,77
65,88
65,99
65,112
65,126
65,133
65,153
65,154
65,187
65,198
66,35
66,65
66,85
66,91
66,95
66,161
66,221
66,391
67,35
67,36
67,39
67,40
67,42
67,44
67,45
67,52
67,55
67,56
67,57
67,60
67,63
67,65
67,66
67,69
67,70
67,72
67,77
67,80
67,85
67,88
67,90
67,91
67,95
67,99
67,104
67,105
67,110
67,112
67,115
67,119
67,126
67,130
67,133
67,143
67,153
67,154
67,176
67,208
67,209
67,221
67,247
67,255
67,299
67,437
68,35
68,45
68,55
68,63
68,65
68,69
68,77
68,91
68,99
68,105
68,117
68,143
68,161
68,165
68,171
68,195
68,247
68,483
69,40
69,52
69,55
69,56
69,65
69,70
69,77
69,80
69,88
69,91
69,95
69,104
69,110
69,112
69,133
69,143
69,154
69,176
69,187
69,208
69,323
70,39
70,57
70,69
70,99
70,171
70,187
70,207
70,209
70,299
71,44
71,45
71,51
71,52
71,55
71,56
71,60
71,63
71,65
71,66
71,69
71,70
71,72
71,77
71,80
71,85
71,88
71,90
71,91
71,95
71,99
71,104
71,105
71,110
71,112
71,119
71,126
71,130
71,143
71,154
71,161
71,171
71,182
71,207
71,221
71,231
71,323
71,391
72,55
72,65
72,77
72,85
72,91
72,95
72,115
72,133
72,209
72,253
73,40
73,42
73,45
73,52
73,55
73,56
73,57
73,60
73,63
73,65
73,66
73,69
73,70
73,72
73,77
73,80
73,85
73,88
73,90
73,91
73,99
73,104
73,105
73,110
73,112
73,117
73,126
73,130
73,143
73,153
73,154
73,161
73,165
73,176
73,182
73,198
73,208
73,247
73,253
73,323
74,45
74,51
74,55
74,63
74,65
74,69
74,77
74,91
74,95
74,99
74,105
74,115
74,117
74,119
74,133
74,143
74,153
74,195
74,247
74,253
74,285
74,357
75,44
75,56
75,77
75,88
75,91
75,104
75,112
75,119
75,143
75,154
75,161
75,176
75,182
75,187
75,208
75,209
75,221
75,323
76,45
76,55
76,63
76,65
76,69
76,77
76,85
76,91
76,99
76,105
76,117
76,143
76,153
76,165
76,187
76,255
77,40
77,45
77,51
77,52
77,60
77,65
77,69
77,72
77,80
77,85
77,90
77,95
77,104
77,115
77,117
77,130
77,171
77,285
77,299
77,391
78,55
78,77
78,85
78,119
78,161
78,209
78,437
79,42
79,44
79,45
79,55
79,56
79,57
79,60
79,63
79,65
79,66
79,69
79,70
79,72
79,77
79,80
79,85
79,88
79,90
79,91
79,95
79,99
79,104
79,105
79,110
79,112
79,115
79,126
79,133
79,143
79,154
79,165
79,171
79,176
79,182
79,195
79,198
79,207
79,208
79,221
79,231
79,345
79,399
80,51
80,63
80,69
80,77
80,91
80,99
80,119
80,143
80,161
80,171
80,187
80,207
80,221
80,231
80,247
80,273
80,299
81,52
81,55
81,56
81,65
81,70
81,77
81,80
81,85
81,88
81,91
81,95
81,104
81,110
81,112
81,119
81,130
81,133
81,143
81,154
81,187
81,209
81,247
82,45
82,55
82,57
82,63
82,65
82,77
82,85
82,91
82,95
82,99
82,105
82,115
82,117
82,119
82,143
82,153
82,161
82,187
82,231
82,255
82,273
82,357
82,437
83,44
83,45
83,51
83,55
83,56
83,60
83,63
83,65
83,66
83,69
83,70
83,72
83,77
83,80
83,85
83,88
83,90
83,91
83,99
83,104
83,105
83,110
83,112
83,115
83,117
83,126
83,130
83,133
83,153
83,154
83,165
83,176
83,182
83,195
83,198
83,208
83,209
83,221
83,253
83,299
83,391
83,399
84,55
84,65
84,85
84,95
84,115
84,143
84,221
84,253
85,52
85,56
85,57
85,63
85,66
85,72
85,77
85,88
85,91
85,99
85,104
85,112
85,117
85,126
85,143
85,154
85,161
85,176
85,182
85,198
85,207
85,208
85,253
85,273
85,483
86,45
86,51
86,55
86,63
86,65
86,69
86,77
86,85
86,91
86,95
86,99
86,105
86,117
86,133
86,143
86,171
86,187
86,209
86,247
86,253
86,323
86,437
87,55
87,56
87,65
87,70
87,77
87,80
87,85
87,88
87,91
87,95
87,104
87,110
87,112
87,115
87,119
87,130
87,143
87,154
87,161
87,182
87,187
87,247
87,299
88,57
88,63
88,65
88,85
88,91
88,95
88,105
88,115
88,119
88,133
88,171
88,207
88,221
88,323
88,345
88,391
89,51
89,52
89,56
89,60
89,63
89,65
89,66
89,69
89,70
89,72
89,77
89,80
89,85
89,88
89,90
89,91
89,95
89,99
89,104
89,105
89,110
89,112
89,115
89,117
89,119
89,126
89,130
89,133
89,143
89,154
89,161
89,171
89,176
89,182
89,195
89,207
89,208
89,209
89,285
89,391
89,483
90,77
90,91
90,133
90,143
90,299
90,323
90,437
91,55
91,57
91,60
91,66
91,72
91,80
91,85
91,88
91,90
91,95
91,99
91,110
91,153
91,165
91,176
91,187
91,198
91,209
91,255
92,51
92,55
92,63
92,65
92,77
92,85
92,91
92,95
92,99
92,105
92,117
92,119
92,143
92,153
92,187
92,195
92,209
92,221
92,231
92,247
92,285
92,323
93,52
93,55
93,56
93,65
93,70
93,77
93,80
93,85
93,88
93,91
93,95
93,104
93,110
93,112
93,115
93,130
93,133
93,143
93,154
93,176
93,182
93,187
93,208
93,221
93,247
93,299
94,57
94,63
94,65
94,77
94,85
94,91
94,95
94,99
94,105
94,115
94,117
94,119
94,143
94,153
94,161
94,165
94,195
94,207
94,209
94,247
94,253
94,323
94,345
94,391
95,56
95,63
95,66
95,69
95,72
95,77
95,88
95,91
95,99
95,104
95,112
95,117
95,119
95,126
95,143
95,154
95,176
95,198
95,208
95,253
95,273
95,357
96,55
96,65
96,77
96,91
96,95
96,119
96,133
96,143
96,161
96,221
96,253
96,299
97,52
97,55
97,57
97,60
97,63
97,66
97,70
97,72
97,77
97,80
97,85
97,88
97,90
97,91
97,95
97,99
97,104
97,105
97,110
97,112
97,115
97,119
97,126
97,130
97,133
97,143
97,154
97,171
97,176
97,182
97,187
97,198
97,207
97,209
97,221
97,253
97,255
97,437
98,55
98,65
98,69
98,85
98,95
98,99
98,115
98,117
98,143
98,153
98,165
98,171
98,187
98,195
98,207
99,56
99,65
99,70
99,80
99,85
99,91
99,95
99,104
99,112
99,115
99,119
99,130
99,161
99,182
99,208
99,247
100,57
100,63
100,77
100,91
100,99
100,117
100,133
100,143
100,153
100,209
100,221
100,231
100,247
100,299
100,391
100,399
101,55
101,56
101,60
101,63
101,65
101,66
101,69
101,70
101,72
101,77
101,80
101,88
101,90
101,91
101,95
101,99
101,104
101,105
101,110
101,112
101,117
101,119
101,126
101,130
101,143
101,153
101,154
101,161
101,165
101,176
101,182
101,198
101,208
101,221
101,231
101,255
101,273
101,437
102,55
102,77
102,91
102,95
102,115
102,133
102,143
102,209
103,55
103,56
103,57
103,60
103,63
103,65
103,66
103,70
103,72
103,77
103,80
103,85
103,88
103,90
103,91
103,95
103,99
103,104
103,105
103,110
103,112
103,115
103,117
103,119
103,126
103,130
103,133
103,143
103,153
103,154
103,161
103,165
103,182
103,187
103,198
103,207
103,209
103,231
103,273
103,299
103,323
103,345
103,357
104,63
104,69
104,77
104,85
104,95
104,99
104,105
104,115
104,119
104,133
104,171
104,187
104,231
104,285
104,357
104,399
105,88
105,104
105,143
105,176
105,208
105,209
105,221
105,247
105,253
105,323
105,391
105,437
106,55
106,63
106,65
106,77
106,91
106,95
106,99
106,105
106,115
106,119
106,143
106,161
106,165
106,171
106,207
106,221
106,247
106,253
106,255
106,273
106,299
106,391
106,483
107,56
107,60
107,63
107,66
107,69
107,70
107,72
107,77
107,80
107,85
107,88
107,90
107,91
107,99
107,104
107,105
107,110
107,112
107,115
107,117
107,126
107,130
107,133
107,143
107,153
107,154
107,161
107,171
107,176
107,182
107,195
107,198
107,207
107,208
107,247
107,253
107,285
107,323
108,65
108,77
108,85
108,91
108,95
108,115
108,119
108,133
108,143
108,161
108,187
108,209
108,253
109,56
109,60
109,63
109,65
109,70
109,72
109,77
109,80
109,85
109,88
109,90
109,91
109,95
109,99
109,104
109,105
109,110
109,112
109,115
109,117
109,119
109,126
109,130
109,133
109,143
109,153
109,154
109,165
109,171
109,176
109,182
109,187
109,195
109,198
109,208
109,221
109,253
109,299
109,323
109,345
109,437
110,69
110,91
110,117
110,119
110,133
110,153
110,161
110,221
110,299
110,483
111,65
111,70
111,77
111,80
111,88
111,91
111,95
111,104
111,110
111,112
111,115
111,119
111,130
111,133
111,143
111,154
111,176
111,182
111,208
111,209
111,247
111,323
111,391
112,85
112,99
112,115
112,117
112,143
112,153
112,165
112,207
112,247
112,255
112,285
112,391
113,60
113,63
113,65
113,66
113,69
113,70
113,72
113,77
113,80
113,88
113,90
113,91
113,95
113,99
113,104
113,105
113,110
113,112
113,115
113,117
113,119
113,126
113,130
113,143
113,154
113,161
113,165
113,171
113,176
113,182
113,187
113,195
113,198
113,209
113,221
113,231
113,247
113,299
113,323
113,437
114,65
114,77
114,85
114,91
114,115
114,119
114,143
114,161
114,187
114,221
115,63
115,72
115,77
115,88
115,91
115,99
115,104
115,112
115,117
115,119
115,126
115,133
115,143
115,153
115,154
115,171
115,176
115,182
115,187
115,198
115,208
115,231
115,399
116,63
116,65
116,69
116,77
116,91
116,95
116,99
116,105
116,115
116,117
116,119
116,133
116,143
116,153
116,165
116,171
116,187
116,207
116,209
116,253
116,255
116,273
116,299
116,357
116,437
117,70
117,77
117,80
117,85
117,88
117,110
117,112
117,115
117,119
117,133
117,154
117,161
117,176
117,253
117,391
118,63
118,65
118,77
118,91
118,95
118,99
118,105
118,115
118,117
118,119
118,133
118,143
118,153
118,165
118,171
118,195
118,221
118,247
118,253
118,255
118,345
119,65
119,66
119,69
119,72
119,80
119,88
119,90
119,95
119,99
119,104
119,110
119,115
119,117
119,130
119,143
119,176
119,195
119,198
119,208
119,209
119,247
119,253
119,285
119,299
120,77
120,91
120,119
120,143
120,161
120,187
120,247
120,253
120,323
120,437
121,63
121,65
121,70
121,72
121,80
121,90
121,91
121,95
121,104
121,105
121,112
121,115
121,117
121,119
121,126
121,130
121,133
121,153
121,161
121,182
121,207
121,208
121,255
121,273
121,357
121,399
122,63
122,69
122,77
122,85
122,91
122,99
122,105
122,115
122,117
122,119
122,133
122,143
122,161
122,171
122,195
122,209
122,221
122,231
122,273
122,285
122,299
122,323
122,391
123,77
123,80
123,88
123,91
123,95
123,104
123,110
123,112
123,115
123,119
123,130
123,133
123,143
123,154
123,176
123,182
123,208
123,221
123,299
123,391
124,65
124,77
124,85
124,91
124,95
124,99
124,105
124,115
124,117
124,119
124,133
124,143
124,153
124,161
124,165
124,171
124,187
124,195
124,207
124,209
124,231
124,247
124,273
124,323
124,345
124,357
124,437
125,66
125,69
125,72
125,77
125,88
125,91
125,99
125,104
125,112
125,117
125,119
125,126
125,133
125,143
125,153
125,154
125,171
125,176
125,182
125,187
125,198
125,207
125,208
125,209
125,231
125,247
125,357
125,399
126,115
126,143
126,187
126,221
126,247
126,299
126,323
127,70
127,77
127,80
127,85
127,88
127,90
127,91
127,99
127,104
127,105
127,110
127,112
127,115
127,117
127,119
127,126
127,130
127,133
127,143
127,153
127,154
127,161
127,165
127,171
127,176
127,182
127,187
127,198
127,208
127,209
127,221
127,253
127,255
127,273
127,285
127,483
128,77
128,95
128,99
128,105
128,115
128,119
128,133
128,143
128,153
128,161
128,165
128,171
128,195
128,253
128,323
128,391
128,437
129,70
129,80
129,85
129,88
129,91
129,95
129,104
129,110
129,112
129,119
129,130
129,133
129,143
129,154
129,161
129,176
129,182
129,209
129,253
129,299
129,391
130,77
130,99
130,119
130,133
130,153
130,161
130,187
130,207
130,209
130,253
130,323
131,70
131,72
131,77
131,80
131,88
131,90
131,91
131,99
131,104
131,105
131,110
131,112
131,115
131,117
131,126
131,130
131,133
131,143
131,154
131,161
131,165
131,171
131,176
131,182
131,187
131,195
131,198
131,207
131,208
131,221
131,247
131,253
131,255
131,285
131,483
132,85
132,91
132,115
132,119
132,133
132,221
132,247
132,299
132,323
132,437
133,80
133,88
133,90
133,99
133,104
133,110
133,115
133,117
133,130
133,143
133,153
133,165
133,176
133,187
133,195
133,198
133,207
133,208
133,255
133,299
133,345
134,77
134,85
134,91
134,95
134,99
134,105
134,117
134,119
134,133
134,143
134,153
134,161
134,165
134,171
134,195
134,207
134,221
134,231
134,273
134,285
134,345
134,391
134,399
135,77
135,88
135,104
135,112
135,119
135,133
135,143
135,154
135,161
135,176
135,182
135,187
135,208
135,209
135,221
135,299
135,391
135,437
136,91
136,99
136,105
136,115
136,117
136,133
136,143
136,161
136,165
136,171
136,209
136,231
136,299
136,399
136,437
137,72
137,77
137,80
137,85
137,88
137,90
137,91
137,99
137,104
137,105
137,110
137,112
137,115
137,119
137,126
137,130
137,133
137,143
137,153
137,154
137,161
137,171
137,176
137,182
137,187
137,195
137,198
137,208
137,231
137,247
137,273
137,285
137,323
137,357
137,483
138,77
138,91
138,95
138,133
138,143
138,187
138,209
138,247
139,72
139,77
139,80
139,85
139,88
139,90
139,91
139,95
139,99
139,104
139,105
139,110
139,112
139,117
139,119
139,126
139,130
139,133
139,143
139,153
139,154
139,165
139,176
139,182
139,195
139,198
139,207
139,208
139,221
139,247
139,253
139,299
139,323
139,345
139,391
139,437
140,99
140,117
140,143
140,171
140,207
140,209
140,221
140,253
140,391
141,77
141,80
141,104
141,110
141,112
141,115
141,119
141,130
141,133
141,143
141,154
141,161
141,176
141,182
141,187
141,208
141,209
141,253
141,323
142,77
142,85
142,99
142,105
142,115
142,117
142,119
142,133
142,143
142,153
142,161
142,165
142,171
142,187
142,207
142,231
142,253
142,255
142,273
142,285
142,299
142,357
142,399
143,80
143,90
143,95
143,105
143,112
143,115
143,119
143,126
143,133
143,153
143,161
143,171
143,207
143,323
143,437
144,77
144,85
144,91
144,95
144,119
144,133
144,143
144,161
144,187
144,209
144,221
144,247
145,77
145,88
145,91
145,99
145,104
145,112
145,117
145,126
145,133
145,143
145,153
145,154
145,161
145,171
145,176
145,182
145,198
145,208
145,221
145,231
145,247
145,273
145,299
145,323
145,357
145,391
146,77
146,91
146,99
146,105
146,115
146,119
146,143
146,153
146,165
146,171
146,187
146,195
146,209
146,231
146,247
146,255
146,285
146,299
146,357
146,391
146,399
147,88
147,104
147,110
147,115
147,130
147,143
147,176
147,187
147,208
147,209
147,221
147,323
147,437
148,77
148,95
148,99
148,105
148,115
148,117
148,133
148,143
148,153
148,161
148,165
148,187
148,195
148,207
148,209
148,221
148,231
148,255
148,273
148,299
148,345
148,483
149,80
149,85
149,90
149,95
149,99
149,104
149,105
149,110
149,112
149,117
149,119
149,126
149,130
149,133
149,143
149,153
149,154
149,161
149,165
149,171
149,176
149,182
149,187
149,195
149,198
149,207
149,208
149,209
149,221
149,247
149,253
149,285
149,299
149,323
149,345
150,91
150,119
150,133
150,143
150,161
150,187
150,247
150,253
151,88
151,91
151,99
151,104
151,105
151,110
151,112
151,115
151,117
151,119
151,126
151,130
151,133
151,143
151,153
151,154
151,161
151,165
151,171
151,176
151,182
151,198
151,207
151,208
151,209
151,221
151,247
151,253
151,255
151,323
151,391
151,437
152,91
152,99
152,105
152,117
152,143
152,153
152,161
152,187
152,195
152,207
152,221
152,253
152,255
152,299
152,391
152,483
153,80
153,91
153,95
153,104
153,110
153,112
153,115
153,130
153,143
153,154
153,161
153,176
153,182
153,208
153,253
154,85
154,95
154,153
154,171
154,195
154,207
154,323
154,345
154,437
155,88
155,99
155,104
155,112
155,126
155,133
155,143
155,153
155,154
155,161
155,171
155,176
155,182
155,187
155,198
155,208
155,209
155,231
155,253
155,273
155,299
155,357
155,399
155,437
156,115
156,119
156,133
156,161
156,323
156,391
157,91
157,99
157,104
157,105
157,110
157,112
157,117
157,119
157,126
157,130
157,133
157,143
157,153
157,154
157,161
157,165
157,176
157,182
157,187
157,195
157,198
157,207
157,208
157,209
157,221
157,231
157,247
157,255
157,285
157,345
157,391
157,399
158,91
158,95
158,105
158,115
158,117
158,119
158,133
158,143
158,153
158,161
158,165
158,171
158,187
158,195
158,207
158,209
158,221
158,231
158,247
158,273
158,299
158,323
158,357
158,391
158,437
158,483
159,85
159,88
159,91
159,95
159,104
159,110
159,112
159,130
159,133
159,143
159,154
159,161
159,176
159,182
159,187
159,208
159,209
159,247
159,299
159,437
160,91
160,99
160,117
160,119
160,143
160,153
160,161
160,171
160,187
160,207
160,209
160,221
160,253
160,273
160,323
160,483
161,99
161,104
161,110
161,117
161,130
161,143
161,153
161,165
161,171
161,176
161,187
161,195
161,198
161,208
161,221
161,255
161,285
162,133
162,143
162,161
162,209
162,221
162,247
162,253
162,299
162,323
162,391
162,437
163,90
163,95
163,99
163,105
163,110
163,112
163,115
163,119
163,126
163,130
163,133
163,143
163,153
163,154
163,161
163,165
163,171
163,176
163,182
163,187
163,195
163,198
163,207
163,208
163,209
163,231
163,247
163,253
163,255
163,273
163,345
163,357
163,391
163,399
164,91
164,99
164,105
164,119
164,133
164,143
164,153
164,161
164,165
164,171
164,187
164,195
164,221
164,231
164,247
164,253
164,273
164,285
164,323
164,345
165,91
165,104
165,112
165,161
165,182
165,208
165,221
165,247
165,299
166,91
166,99
166,105
166,115
166,117
166,133
166,143
166,161
166,165
166,171
166,187
166,207
166,209
166,221
166,231
166,253
166,255
166,273
166,323
166,357
166,437
167,88
167,104
167,105
167,110
167,112
167,119
167,126
167,130
167,143
167,153
167,154
167,161
167,165
167,171
167,176
167,182
167,187
167,195
167,198
167,207
167,208
167,209
167,231
167,255
167,285
167,357
167,399
168,95
168,115
168,143
168,187
168,209
168,221
168,247
168,299
168,323
168,391
169,105
169,110
169,112
169,126
169,133
169,153
169,154
169,161
169,165
169,171
169,176
169,187
169,198
169,207
169,209
169,231
169,255
169,285
169,345
169,391
169,483
170,99
170,117
170,133
170,143
170,161
170,171
170,207
170,209
170,231
170,247
170,437
171,91
171,110
171,112
171,115
171,119
171,130
171,143
171,154
171,161
171,176
171,182
171,187
171,208
171,221
171,253
171,299
172,91
172,99
172,105
172,143
172,153
172,161
172,165
172,171
172,187
172,195
172,207
172,247
172,253
172,255
172,285
172,299
172,345
172,357
172,399
173,90
173,91
173,95
173,99
173,104
173,105
173,110
173,112
173,115
173,126
173,130
173,133
173,143
173,153
173,154
173,161
173,165
173,171
173,176
173,182
173,195
173,198
173,208
173,209
173,221
173,253
173,273
173,323
173,391
173,437
173,483
174,119
174,143
174,161
174,187
174,209
174,221
174,253
174,299
174,391
174,437
175,99
175,104
175,117
175,143
175,171
175,176
175,187
175,198
175,207
175,208
175,221
175,247
175,253
175,299
175,323
175,391
176,105
176,115
176,133
176,153
176,171
176,195
176,207
176,247
176,255
176,273
176,285
176,357
176,399
177,104
177,110
177,112
177,119
177,130
177,133
177,143
177,154
177,161
177,176
177,182
177,187
177,208
177,209
177,221
177,247
177,253
177,323
177,437
178,95
178,105
178,115
178,117
178,119
178,133
178,143
178,153
178,161
178,171
178,187
178,195
178,207
178,209
178,221
178,231
178,247
178,253
178,255
178,299
178,345
178,399
178,437
179,99
179,105
179,110
179,112
179,117
179,126
179,130
179,143
179,153
179,154
179,161
179,165
179,171
179,176
179,182
179,187
179,195
179,198
179,207
179,208
179,209
179,221
179,231
179,273
179,285
179,299
179,323
179,345
179,357
179,391
179,483
180,133
180,143
180,161
180,187
180,209
180,391
181,104
181,110
181,112
181,115
181,119
181,126
181,143
181,153
181,154
181,161
181,165
181,171
181,176
181,182
181,187
181,198
181,207
181,208
181,209
181,221
181,231
181,247
181,255
181,273
181,299
181,323
181,391
181,437
181,483
182,99
182,153
182,165
182,171
182,187
182,209
182,253
182,255
182,285
182,437
183,110
183,112
183,115
183,130
183,133
183,143
183,154
183,176
183,182
183,187
183,208
183,221
183,247
183,253
183,323
184,99
184,105
184,117
184,119
184,143
184,165
184,171
184,187
184,195
184,209
184,221
184,231
184,247
184,255
184,273
184,285
184,357
184,399
185,104
185,112
185,119
185,126
185,133
185,143
185,153
185,154
185,161
185,176
185,182
185,187
185,198
185,207
185,208
185,209
185,221
185,231
185,247
185,253
185,273
185,299
185,323
185,391
185,437
186,115
186,143
186,161
186,187
186,209
186,221
186,253
186,391
187,105
187,112
187,117
187,126
187,130
187,133
187,161
187,171
187,182
187,195
187,207
187,208
187,247
187,273
187,285
187,299
187,345
188,99
188,115
188,117
188,119
188,143
188,153
188,161
188,165
188,171
188,187
188,195
188,207
188,209
188,221
188,231
188,247
188,253
188,285
188,299
188,323
188,357
188,399
189,130
189,143
189,176
189,187
189,208
189,209
189,247
189,253
189,323
189,437
190,143
190,153
190,187
190,207
190,221
190,231
190,273
190,391
190,483
191,110
191,112
191,115
191,119
191,126
191,143
191,153
191,154
191,161
191,165
191,171
191,176
191,182
191,187
191,195
191,198
191,208
191,209
191,221
191,231
191,247
191,255
191,285
191,299
191,391
191,399
192,119
192,133
192,143
192,161
192,187
192,209
192,221
192,299
192,323
192,391
192,437
193,99
193,104
193,110
193,112
193,115
193,126
193,130
193,143
193,154
193,161
193,171
193,176
193,182
193,187
193,195
193,198
193,207
193,208
193,209
193,253
193,255
193,345
193,357
193,399
193,437
194,105
194,133
194,143
194,153
194,161
194,165
194,187
194,195
194,207
194,221
194,247
194,253
194,273
194,285
194,299
194,323
194,345
194,483
195,112
195,119
195,154
195,161
195,176
195,187
195,209
195,253
196,115
196,117
196,143
196,153
196,165
196,171
196,187
196,195
196,207
196,209
196,221
196,247
196,253
196,255
196,323
196,391
196,437
197,105
197,110
197,112
197,117
197,130
197,133
197,143
197,153
197,154
197,165
197,171
197,176
197,182
197,187
197,195
197,198
197,207
197,208
197,209
197,221
197,231
197,247
197,253
197,255
197,273
197,285
197,299
197,357
197,391
197,399
197,437
198,119
198,161
198,221
198,247
198,299
198,323
198,391
199,105
199,112
199,126
199,130
199,133
199,143
199,153
199,154
199,165
199,171
199,176
199,182
199,187
199,195
199,198
199,207
199,208
199,209
199,221
199,231
199,253
199,255
199,273
199,285
199,345
199,399
200,143
200,161
200,171
200,187
200,207
200,209
200,221
200,231
200,247
200,253
200,273
200,299
200,323
200,357
200,437
200,483
201,104
201,110
201,115
201,133
201,143
201,154
201,161
201,176
201,182
201,208
201,209
201,221
201,247
201,253
201,299
201,437
202,119
202,143
202,161
202,165
202,171
202,187
202,195
202,207
202,209
202,221
202,231
202,247
202,255
202,273
202,285
202,299
202,323
202,345
202,391
202,483
203,110
203,130
203,153
203,165
203,176
203,187
203,195
203,198
203,207
203,208
203,209
203,221
203,247
203,255
203,285
203,345
203,391
204,133
204,143
204,209
204,247
204,253
204,299
204,437
205,112
205,117
205,119
205,126
205,143
205,153
205,154
205,161
205,171
205,176
205,182
205,187
205,198
205,207
205,208
205,209
205,221
205,231
205,253
205,273
205,299
205,323
205,357
205,399
205,437
206,115
206,133
206,143
206,153
206,165
206,171
206,187
206,195
206,207
206,209
206,231
206,247
206,253
206,255
206,273
206,285
206,323
206,357
206,483
207,110
207,112
207,143
207,154
207,176
207,182
207,187
207,208
207,209
207,221
207,247
207,323
208,133
208,153
208,161
208,171
208,187
208,207
208,209
208,231
208,253
208,255
208,323
208,345
208,357
208,391
208,437
209,119
209,126
209,130
209,161
209,182
209,207
209,208
209,221
209,345
209,357
209,391
210,143
210,187
210,209
210,221
210,247
210,253
210,299
211,112
211,115
211,133
211,143
211,154
211,171
211,176
211,182
211,187
211,195
211,198
211,207
211,208
211,209
211,221
211,231
211,247
211,253
211,255
211,273
211,299
211,323
211,437
211,483
212,119
212,143
212,153
212,161
212,165
212,195
212,207
212,209
212,221
212,231
212,253
212,255
212,273
212,285
212,399
212,437
213,110
213,130
213,133
213,143
213,154
213,176
213,182
213,187
213,208
213,209
213,221
213,247
213,299
213,323
213,391
214,117
214,153
214,161
214,165
214,171
214,187
214,195
214,207
214,209
214,221
214,231
214,247
214,255
214,285
214,299
214,345
214,357
214,391
214,399
215,133
215,143
215,153
215,154
215,161
215,171
215,176
215,182
215,187
215,198
215,207
215,208
215,209
215,221
215,247
215,253
215,273
215,299
215,323
215,391
215,437
215,483
216,115
216,161
216,187
216,209
216,221
216,247
216,253
216,437
217,143
217,165
217,171
217,176
217,187
217,195
217,198
217,207
217,208
217,209
217,221
217,247
217,253
217,255
217,285
217,299
217,323
217,345
218,133
218,143
218,165
218,171
218,195
218,207
218,209
218,221
218,231
218,253
218,255
218,273
218,285
218,299
218,345
218,357
218,399
219,112
219,119
219,130
219,143
219,154
219,161
219,176
219,182
219,187
219,208
219,209
219,221
219,247
219,253
219,323
219,391
219,437
220,133
220,171
220,207
220,221
220,247
220,273
220,299
220,391
220,399
220,437
221,126
221,154
221,161
221,165
221,176
221,198
221,207
221,209
221,231
221,253
221,285
221,483
222,143
222,187
222,209
222,221
222,247
222,253
222,323
223,117
223,126
223,130
223,143
223,153
223,154
223,161
223,176
223,182
223,195
223,198
223,208
223,209
223,221
223,231
223,247
223,253
223,255
223,273
223,299
223,323
223,345
223,357
223,437
223,483
224,143
224,153
224,165
224,171
224,187
224,207
224,221
224,247
224,253
224,285
224,299
224,323
224,345
224,391
224,437
225,133
225,154
225,176
225,182
225,187
225,208
225,209
225,221
225,247
225,299
225,323
225,391
226,119
226,143
226,161
226,171
226,187
226,195
226,207
226,209
226,221
226,231
226,247
226,253
226,255
226,273
226,285
226,299
226,323
226,345
226,357
226,391
226,399
227,133
227,154
227,165
227,171
227,176
227,182
227,187
227,195
227,198
227,207
227,208
227,209
227,221
227,231
227,247
227,253
227,255
227,273
227,285
227,299
227,323
227,357
227,391
227,437
227,483
228,143
228,161
228,187
228,221
228,253
228,299
229,130
229,154
229,165
229,171
229,176
229,182
229,195
229,198
229,207
229,208
229,209
229,221
229,231
229,247
229,253
229,255
229,273
229,285
229,345
229,357
229,399
229,483
230,143
230,153
230,187
230,209
230,221
230,231
230,247
230,323
230,357
230,399
231,208
231,221
231,299
231,391
231,437
232,133
232,143
232,153
232,165
232,187
232,195
232,209
232,221
232,231
232,247
232,253
232,255
232,273
232,285
232,323
232,345
232,391
232,483
233,143
233,153
233,154
233,161
233,171
233,176
233,182
233,187
233,195
233,198
233,207
233,208
233,209
233,221
233,231
233,247
233,253
233,255
233,273
233,285
233,299
233,345
233,399
234,133
234,209
234,253
234,323
234,437
235,126
235,143
235,154
235,161
235,171
235,176
235,182
235,198
235,207
235,208
235,221
235,231
235,247
235,253
235,357
235,399
235,437
236,165
236,171
236,187
236,195
236,207
236,209
236,231
236,247
236,255
236,273
236,285
236,299
236,323
236,391
236,483
237,143
237,154
237,161
237,176
237,182
237,187
237,208
237,209
237,221
237,247
237,253
237,299
237,391
238,171
238,195
238,207
238,209
238,247
238,253
238,299
238,345
238,437
239,130
239,133
239,143
239,153
239,154
239,165
239,176
239,182
239,187
239,198
239,207
239,208
239,209
239,221
239,231
239,247
239,253
239,273
239,285
239,299
239,323
239,345
239,357
239,399
239,437
240,161
240,209
240,221
240,247
240,253
240,299
240,323
241,143
241,153
241,154
241,176
241,182
241,187
241,195
241,198
241,208
241,209
241,221
241,231
241,247
241,253
241,255
241,273
241,285
241,299
241,323
241,345
241,391
241,399
242,153
242,161
242,195
242,207
242,221
242,247
242,255
242,273
242,285
242,323
242,357
242,391
242,437
242,483
243,143
243,154
243,176
243,182
243,187
243,208
243,221
243,247
243,253
243,299
243,323
243,391
243,437
244,143
244,161
244,171
244,187
244,195
244,207
244,209
244,221
244,231
244,247
244,253
244,255
244,273
244,285
244,299
244,323
244,345
244,357
244,391
244,483
245,143
245,171
245,176
245,198
245,207
245,208
245,209
245,221
245,247
245,253
245,323
246,133
246,143
246,221
246,247
246,253
246,299
246,323
246,437
247,161
247,165
247,176
247,187
247,198
247,207
247,253
247,255
247,345
247,357
247,391
248,143
248,153
248,187
248,207
248,209
248,221
248,231
248,247
248,253
248,255
248,273
248,285
248,299
248,345
248,357
248,391
248,399
248,483
249,130
249,154
249,161
249,182
249,187
249,208
249,209
249,247
249,253
249,299
249,323
249,391
249,437
250,143
250,153
250,187
250,209
250,221
250,231
250,247
250,253
250,273
250,299
250,357
250,391
250,399
250,437
250,483
251,154
251,161
251,165
251,176
251,182
251,195
251,198
251,207
251,208
251,209
251,221
251,231
251,247
251,253
251,255
251,273
251,285
251,299
251,323
251,357
251,399
251,437
252,143
252,209
252,221
252,247
252,253
252,299
253,133
253,171
253,182
253,195
253,208
253,247
253,255
253,273
253,323
254,143
254,161
254,165
254,171
254,187
254,207
254,221
254,231
254,247
254,253
254,255
254,273
254,285
254,299
254,345
254,391
254,399
254,437
255,154
255,176
255,182
255,208
255,209
255,247
255,253
256,143
256,161
256,171
256,195
256,207
256,209
256,221
256,231
256,247
256,253
256,255
256,285
256,299
256,323
256,345
256,357
256,399
257,143
257,153
257,154
257,165
257,176
257,182
257,195
257,198
257,207
257,208
257,221
257,231
257,247
257,253
257,255
257,273
257,285
257,299
257,323
257,357
257,437
257,483
258,161
258,187
258,209
258,221
258,247
258,253
258,323
258,391
258,437
259,143
259,153
259,176
259,187
259,195
259,198
259,208
259,209
259,221
259,247
259,253
259,255
259,285
259,299
259,323
259,345
259,391
260,187
260,207
260,209
260,231
260,253
260,323
260,357
260,391
260,399
261,143
261,161
261,176
261,182
261,187
261,208
261,209
261,221
261,247
261,253
261,299
261,323
261,391
261,437
262,165
262,171
262,195
262,207
262,231
262,247
262,253
262,255
262,273
262,285
262,299
262,323
262,345
262,399
262,437
263,143
263,154
263,161
263,171
263,176
263,182
263,198
263,207
263,208
263,209
263,221
263,231
263,253
263,255
263,273
263,285
263,299
263,323
263,345
263,357
263,483
264,221
264,247
264,299
264,323
264,391
265,143
265,161
265,171
265,182
265,187
265,198
265,207
265,208
265,221
265,231
265,247
265,253
265,273
265,299
265,323
265,357
265,391
265,437
265,483
266,153
266,187
266,195
266,207
266,253
266,255
266,299
266,391
267,143
267,154
267,176
267,182
267,208
267,209
267,221
267,247
267,253
267,299
267,391
268,195
268,221
268,247
268,253
268,255
268,273
268,323
268,345
268,357
268,399
268,437
269,165
269,176
269,198
269,208
269,209
269,221
269,247
269,253
269,255
269,273
269,285
269,299
269,345
269,357
269,399
269,437
269,483
270,143
270,161
270,187
270,209
270,247
270,299
270,323
270,391
270,437
271,154
271,171
271,182
271,187
271,195
271,198
271,207
271,208
271,209
271,221
271,231
271,247
271,253
271,273
271,285
271,299
271,345
271,357
271,391
271,399
271,483
272,161
272,165
272,171
272,195
272,207
272,209
272,231
272,247
272,253
272,273
272,285
272,299
272,345
272,399
272,437
273,176
273,253
273,323
273,391
273,437
274,143
274,171
274,207
274,209
274,221
274,231
274,247
274,253
274,255
274,273
274,285
274,299
274,323
274,345
274,357
274,437
274,483
275,153
275,182
275,207
275,208
275,247
275,273
275,299
275,323
275,391
275,399
275,483
276,187
276,221
276,323
277,154
277,161
277,176
277,182
277,187
277,195
277,198
277,208
277,209
277,221
277,231
277,247
277,253
277,255
277,273
277,285
277,299
277,323
277,345
277,357
277,391
277,399
277,437
278,143
278,209
278,221
278,231
278,247
278,253
278,255
278,273
278,285
278,299
278,323
278,345
278,357
278,391
278,483
279,161
279,176
279,182
279,208
279,247
279,253
279,299
279,323
280,207
280,209
280,221
280,247
280,253
280,299
280,323
280,437
281,154
281,171
281,182
281,187
281,195
281,198
281,207
281,208
281,221
281,231
281,247
281,255
281,273
281,285
281,323
281,357
281,391
281,399
281,437
282,187
282,209
282,221
282,253
282,299
282,323
282,391
283,171
283,176
283,187
283,195
283,198
283,207
283,208
283,209
283,231
283,247
283,253
283,255
283,273
283,285
283,299
283,323
283,345
283,391
283,399
284,153
284,161
284,165
284,207
284,221
284,231
284,247
284,253
284,255
284,273
284,285
284,299
284,323
284,345
284,357
284,391
284,437
284,483
285,154
285,176
285,182
285,208
285,221
285,253
285,299
286,161
286,285
286,345
286,357
286,399
286,483
287,165
287,187
287,198
287,247
287,253
287,255
287,285
287,299
287,323
287,345
287,391
287,437
288,187
288,209
288,247
288,253
288,299
288,391
288,437
289,176
289,182
289,198
289,207
289,208
289,209
289,253
289,273
289,285
289,299
289,345
289,399
289,437
290,171
290,207
290,221
290,247
290,253
290,299
290,323
290,357
290,391
290,399
290,483
291,176
291,182
291,208
291,209
291,221
291,247
291,253
291,299
291,323
291,437
292,171
292,187
292,195
292,231
292,247
292,255
292,273
292,285
292,299
292,323
292,345
292,357
292,391
292,399
292,437
292,483
293,153
293,161
293,182
293,187
293,198
293,207
293,208
293,209
293,221
293,231
293,247
293,255
293,273
293,285
293,299
293,323
293,345
293,357
293,391
293,399
293,437
294,187
294,209
294,221
294,247
294,253
294,299
294,323
294,391
295,154
295,176
295,198
295,208
295,221
295,231
295,253
295,273
295,299
295,323
295,357
295,391
295,437
295,483
296,195
296,209
296,231
296,247
296,253
296,255
296,273
296,285
296,299
296,323
296,391
296,399
296,437
296,483
297,208
297,221
297,247
297,299
297,323
297,437
298,187
298,195
298,207
298,221
298,231
298,247
298,253
298,255
298,273
298,285
298,299
298,323
298,345
298,357
298,391
298,399
298,483
299,154
299,176
299,187
299,198
299,209
299,231
299,255
299,285
299,323
299,357
300,161
300,247
300,253
300,299
300,323
300,391
300,437
301,171
301,176
301,195
301,198
301,208
301,253
301,285
301,299
301,323
301,345
301,391
302,165
302,207
302,209
302,221
302,253
302,255
302,273
302,299
302,323
302,345
302,357
302,399
303,182
303,221
303,247
303,299
303,323
303,437
304,187
304,231
304,255
304,273
304,299
304,345
304,391
305,176
305,182
305,187
305,198
305,208
305,209
305,231
305,247
305,253
305,273
305,299
305,357
305,391
305,399
305,483
306,247
306,253
306,299
306,437
307,161
307,176
307,182
307,195
307,207
307,208
307,209
307,221
307,231
307,247
307,253
307,255
307,273
307,285
307,299
307,323
307,345
307,357
307,391
307,399
307,437
307,483
308,207
308,221
308,255
308,285
308,299
308,323
308,345
308,437
309,187
309,208
309,247
309,253
309,299
309,323
309,391
310,171
310,187
310,209
310,221
310,247
310,253
310,273
310,299
310,323
310,357
310,391
310,399
310,437
311,176
311,195
311,198
311,207
311,208
311,221
311,247
311,253
311,255
311,285
311,299
311,323
311,357
311,391
311,399
311,437
311,483
312,253
312,323
312,391
312,437
313,182
313,198
313,209
313,247
313,253
313,255
313,273
313,285
313,299
313,323
313,345
313,357
313,391
313,399
313,483
314,231
314,255
314,273
314,285
314,299
314,323
314,345
314,357
314,399
314,437
315,187
315,208
315,209
315,221
315,299
315,323
315,391
315,437
316,187
316,195
316,207
316,209
316,221
316,231
316,247
316,285
316,299
316,323
316,345
316,357
316,391
316,437
316,483
317,165
317,198
317,207
317,208
317,231
317,247
317,253
317,255
317,273
317,323
317,345
317,391
317,399
317,483
318,209
318,247
318,253
318,299
318,323
318,391
318,437
319,171
319,182
319,221
319,247
319,255
319,273
319,285
319,299
319,323
319,345
319,357
319,391
319,399
319,437
319,483
320,207
320,221
320,231
320,253
320,273
320,299
320,323
320,357
320,437
320,483
321,176
321,187
321,208
321,209
321,253
321,299
321,323
321,391
322,195
322,247
322,285
322,323
323,176
323,198
323,208
323,253
323,273
323,299
323,345
324,209
324,221
324,247
324,253
324,299
324,323
324,391
325,207
325,231
325,323
325,357
325,399
325,437
326,187
326,207
326,209
326,231
326,247
326,255
326,273
326,285
326,299
326,323
326,357
326,391
326,399
326,437
326,483
327,176
327,182
327,187
327,208
327,209
327,299
327,323
327,391
327,437
328,171
328,221
328,231
328,253
328,255
328,273
328,285
328,299
328,323
328,345
328,357
328,391
328,399
328,483
329,207
329,209
329,221
329,247
329,253
329,255
329,285
329,299
329,323
329,345
329,391
329,437
330,247
330,323
330,391
330,437
331,195
331,198
331,208
331,247
331,253
331,273
331,285
331,299
331,323
331,345
331,357
331,399
331,437
332,187
332,209
332,221
332,247
332,253
332,255
332,299
332,323
332,345
332,357
332,391
332,399
332,483
333,182
333,208
333,221
333,253
333,299
333,323
333,391
333,437
334,207
334,253
334,255
334,273
334,285
334,299
334,323
334,345
334,357
334,391
334,399
334,437
334,483
335,198
335,207
335,209
335,247
335,253
335,273
335,299
335,323
335,357
335,391
335,399
335,437
336,221
336,247
336,299
336,323
336,391
337,195
337,198
337,208
337,209
337,221
337,231
337,247
337,285
337,299
337,323
337,345
337,357
337,437
337,483
338,187
338,231
338,255
338,285
338,323
338,345
338,391
338,399
338,437
338,483
339,299
339,323
339,391
339,437
340,209
340,231
340,253
340,273
340,399
340,483
341,182
341,208
341,221
341,255
341,273
341,285
341,299
341,345
341,357
341,391
341,437
341,483
342,221
342,253
342,299
342,391
343,176
343,187
343,207
343,208
343,209
343,247
343,253
343,255
343,285
343,323
343,345
343,391
343,437
344,207
344,247
344,253
344,255
344,273
344,285
344,299
344,323
344,345
344,357
344,391
344,399
344,437
344,483
345,221
345,247
345,323
346,195
346,209
346,221
346,253
346,273
346,285
346,299
346,323
346,345
346,357
346,391
346,399
346,437
347,208
347,231
347,255
347,273
347,299
347,323
347,345
347,357
347,391
347,399
347,483
348,209
348,247
348,299
348,323
348,437
349,187
349,208
349,221
349,231
349,247
349,255
349,273
349,285
349,299
349,323
349,345
349,357
349,391
349,399
349,437
349,483
350,221
350,247
350,299
350,323
350,391
350,437
351,209
351,253
351,323
351,391
352,207
352,273
352,285
352,299
352,323
352,345
352,357
352,391
352,399
352,437
353,198
353,207
353,208
353,253
353,255
353,285
353,323
353,345
353,357
353,391
353,399
353,437
353,483
354,209
354,221
354,253
354,299
354,323
354,437
355,182
355,198
355,247
355,253
355,299
355,323
355,357
355,391
355,399
355,483
356,247
356,253
356,273
356,285
356,323
356,345
356,357
356,391
356,399
356,437
357,208
357,247
357,253
357,299
357,437
358,221
358,231
358,255
358,285
358,299
358,345
358,357
358,391
358,437
358,483
359,198
359,208
359,209
359,221
359,231
359,255
359,273
359,299
359,323
359,345
359,357
359,391
359,399
359,483
360,187
360,299
360,391
360,437
361,195
361,231
361,273
361,299
361,345
361,357
361,391
361,483
362,207
362,209
362,221
362,231
362,247
362,255
362,273
362,299
362,323
362,345
362,357
362,391
362,399
362,437
362,483
363,208
363,221
363,247
363,323
363,391
363,437
364,253
364,255
364,285
364,323
364,391
364,437
365,209
365,253
365,273
365,299
365,323
365,357
365,391
365,399
365,437
365,483
366,253
366,323
366,391
366,437
367,221
367,253
367,273
367,285
367,299
367,323
367,345
367,357
367,391
367,399
367,437
367,483
368,247
368,255
368,285
368,323
368,357
368,399
369,208
369,247
369,323
369,391
369,437
370,209
370,231
370,247
370,273
370,299
370,323
370,357
370,391
370,399
370,483
371,207
371,221
371,285
371,299
371,323
371,345
371,437
372,299
372,323
372,391
372,437
373,208
373,209
373,273
373,285
373,299
373,323
373,345
373,357
373,391
373,399
373,437
374,247
374,299
374,345
374,399
374,483
375,208
375,221
375,247
375,253
375,299
375,391
375,437
376,195
376,221
376,247
376,253
376,285
376,323
376,345
376,391
376,399
376,437
376,483
377,198
377,253
377,255
377,345
377,357
377,391
377,399
377,437
378,253
378,299
378,323
378,391
379,253
379,255
379,285
379,357
379,391
379,437
379,483
380,207
380,221
380,231
380,273
380,299
380,357
380,391
380,483
381,209
381,247
381,299
381,323
381,391
381,437
382,231
382,247
382,273
382,285
382,323
382,345
382,357
382,391
382,399
382,437
382,483
383,231
383,247
383,255
383,273
383,285
383,299
383,323
383,345
383,357
383,391
383,399
383,437
383,483
384,209
384,221
384,299
384,323
384,391
384,437
385,208
385,299
385,323
385,391
385,437
386,253
386,273
386,285
386,323
386,345
386,357
386,391
386,399
386,437
386,483
387,247
387,253
387,299
387,323
387,391
387,437
388,221
388,247
388,253
388,273
388,285
388,299
388,323
388,345
388,357
388,391
388,399
388,437
388,483
389,207
389,208
389,247
389,253
389,255
389,323
389,345
389,357
389,391
389,399
389,437
389,483
390,253
390,323
390,391
390,437
391,231
391,273
391,285
391,399
392,209
392,255
392,345
392,391
392,437
393,221
393,299
393,323
393,391
394,247
394,255
394,285
394,299
394,357
394,391
394,399
394,437
395,247
395,323
395,357
395,391
395,399
395,437
395,483
396,299
396,391
396,437
397,221
397,253
397,299
397,323
397,345
397,391
397,399
397,483
398,207
398,253
398,255
398,273
398,285
398,299
398,345
398,357
398,391
398,399
398,437
399,253
399,391
400,247
400,253
400,299
400,323
400,357
400,391
400,399
400,437
400,483
401,208
401,221
401,247
401,253
401,273
401,285
401,299
401,323
401,345
401,357
401,391
401,399
401,437
401,483
402,247
402,323
402,391
402,437
403,209
403,231
403,285
403,323
403,345
403,357
403,391
403,399
403,437
403,483
404,231
404,255
404,273
404,299
404,323
404,345
404,357
404,391
404,399
404,437
404,483
405,323
405,391
405,437
406,285
406,299
406,323
406,345
406,391
406,437
407,247
407,299
407,323
407,345
407,357
407,391
407,399
407,437
407,483
408,247
408,437
409,253
409,255
409,273
409,285
409,357
409,391
409,399
409,437
409,483
410,221
410,253
410,299
410,323
410,391
410,399
410,437
410,483
411,253
411,299
411,437
412,253
412,273
412,323
412,345
412,357
412,391
412,399
412,437
412,483
413,247
413,255
413,285
413,299
413,345
413,391
413,437
414,221
414,247
414,323
415,357
415,391
415,399
415,437
416,323
416,345
416,357
416,391
416,399
416,483
417,299
417,391
417,437
418,345
418,391
418,483
419,255
419,273
419,299
419,323
419,345
419,357
419,391
419,437
420,247
420,253
420,299
420,323
420,391
420,437
421,247
421,253
421,285
421,323
421,345
421,357
421,391
421,399
421,437
421,483
422,253
422,273
422,323
422,345
422,357
422,391
422,399
422,437
422,483
423,253
423,299
423,323
423,391
423,437
424,231
424,273
424,285
424,299
424,323
424,357
424,391
424,399
424,437
424,483
425,231
425,273
425,399
425,437
425,483
426,247
426,299
426,391
426,437
427,221
427,247
427,299
427,323
427,345
427,391
427,437
428,255
428,285
428,345
428,357
428,399
428,437
428,483
429,323
429,391
429,437
430,273
430,299
430,357
430,391
430,399
430,437
430,483
431,323
431,345
431,391
431,399
431,437
431,483
432,253
432,391
432,437
433,247
433,253
433,285
433,299
433,323
433,357
433,391
433,399
433,437
433,483
434,253
434,255
434,345
434,437
435,323
435,391
435,437
436,285
436,299
436,345
436,357
436,391
436,399
436,437
436,483
437,357
438,323
438,391
438,437
439,247
439,285
439,299
439,323
439,391
439,399
439,437
439,483
440,247
440,273
440,299
440,323
440,357
440,391
440,437
441,323
441,391
441,437
442,345
442,399
442,437
442,483
443,253
443,255
443,273
443,285
443,299
443,345
443,357
443,391
443,399
443,437
443,483
444,253
444,323
444,391
444,437
445,253
445,273
445,357
445,399
445,437
445,483
446,231
446,247
446,299
446,323
446,345
446,357
446,391
446,399
446,437
446,483
447,391
447,437
448,285
448,323
448,391
448,437
449,255
449,299
449,345
449,357
449,391
449,399
449,437
449,483
450,299
450,323
450,391
450,437
451,273
451,285
451,345
451,357
451,399
451,437
451,483
452,247
452,299
452,323
452,345
452,391
452,399
452,437
452,483
453,299
453,391
453,437
454,323
454,357
454,391
454,399
454,437
454,483
455,253
455,391
455,437
456,253
456,299
456,391
457,323
457,345
457,357
457,437
457,483
458,285
458,323
458,345
458,357
458,391
458,399
458,483
459,247
459,299
459,437
460,399
461,273
461,323
461,345
461,391
461,437
462,299
462,437
463,285
463,299
463,323
463,357
463,391
463,399
463,437
463,483
464,255
464,273
464,345
464,357
464,391
464,399
464,437
464,483
465,247
465,299
465,323
465,391
465,437
466,253
466,273
466,285
466,299
466,345
466,357
466,391
466,399
466,437
466,483
467,253
467,323
467,345
467,357
467,391
467,399
467,437
467,483
468,437
469,299
469,323
469,391
469,437
470,357
470,391
470,399
470,437
470,483
471,323
471,391
471,437
472,299
472,345
472,357
472,391
472,399
472,437
472,483
473,323
473,345
473,391
473,399
473,437
473,483
474,437
475,299
475,357
475,391
475,483
476,299
476,345
476,437
477,391
478,247
478,253
478,285
478,323
478,391
478,437
478,483
479,255
479,299
479,357
479,399
479,437
479,483
480,323
480,437
481,285
481,345
481,391
481,399
481,483
482,273
482,299
482,323
482,345
482,391
482,437
482,483
484,323
484,357
484,391
484,399
484,437
484,483
485,299
485,357
485,399
485,437
485,483
486,323
486,391
486,437
487,273
487,345
487,357
487,391
487,399
487,437
487,483
488,299
488,323
488,345
488,357
488,391
488,399
488,437
488,483
489,253
489,299
489,391
489,437
490,323
490,391
490,437
491,345
491,357
491,399
491,437
491,483
492,299
492,323
492,391
492,437
493,285
493,399
493,437
493,483
494,255
494,391
494,483
495,299
495,323
495,391
495,437
496,285
496,345
496,357
496,399
496,483
497,323
497,345
497,437
498,299
498,391
498,437
499,323
499,391
499,437
499,483
500,357
500,391
500,399
500,483
501,323
501,391
501,437
502,299
502,399
502,437
502,483
503,273
503,323
503,345
503,437
503,483
504,391
505,299
505,323
505,357
505,391
505,399
505,437
506,357
506,399
507,323
507,391
507,437
508,273
508,285
508,299
508,357
508,399
508,437
508,483
509,323
509,357
509,391
509,399
509,437
509,483
510,437
511,299
511,345
511,391
511,437
512,345
512,391
512,399
512,437
512,483
514,323
514,357
514,437
514,483
515,299
515,391
515,399
515,483
516,323
516,391
516,437
517,357
517,391
517,399
517,437
517,483
518,299
518,323
518,345
518,391
518,437
520,323
520,437
520,483
521,299
521,345
521,357
521,391
521,399
521,437
521,483
522,323
522,391
522,437
523,285
523,391
523,399
523,483
524,323
524,391
524,437
524,483
525,437
526,323
526,345
526,357
526,399
526,437
527,345
527,399
527,483
528,299
528,391
528,437
529,273
529,399
530,357
530,399
530,437
530,483
531,299
531,437
532,391
533,323
533,345
533,391
533,437
533,483
534,299
534,391
535,323
535,357
535,391
535,437
535,483
536,345
536,399
536,437
536,483
537,323
537,437
538,285
538,357
538,391
538,399
538,483
539,323
539,391
539,437
540,391
540,437
541,299
541,323
541,345
541,391
541,437
541,483
542,345
542,357
542,399
542,483
543,323
543,437
544,299
544,399
544,437
544,483
545,391
545,437
545,483
546,391
547,357
547,399
547,437
548,357
548,399
548,437
548,483
549,437
550,391
550,399
550,483
551,345
551,357
551,391
552,323
553,285
554,299
554,323
554,437
554,483
555,391
555,437
556,323
556,345
556,357
556,391
556,437
556,483
557,299
557,345
557,391
557,399
557,483
558,323
558,391
558,437
559,357
559,399
559,437
559,483
560,323
560,437
562,391
562,437
562,483
563,391
563,399
563,437
563,483
564,437
565,399
565,483
566,345
566,437
566,483
567,299
567,391
567,437
568,357
568,391
568,399
568,437
569,357
569,391
569,399
569,483
571,323
571,437
571,483
572,345
572,357
572,399
573,323
573,391
574,391
574,437
575,323
577,323
577,357
577,437
577,483
578,399
578,437
578,483
579,391
579,437
580,299
580,391
580,399
580,483
581,345
581,437
582,437
583,437
583,483
584,391
584,399
584,483
585,391
585,437
586,391
586,399
586,437
586,483
587,345
587,437
587,483
589,357
590,323
590,357
590,391
590,437
590,483
591,391
592,323
592,391
592,483
593,357
593,399
593,437
594,323
594,437
596,345
596,391
596,483
597,391
597,437
598,357
599,399
599,483
600,437
601,391
601,399
601,437
601,483
602,345
602,391
602,437
603,391
604,437
604,483
605,399
605,437
605,483
606,437
607,391
607,399
607,483
608,391
608,483
609,323
609,391
609,437
610,357
610,399
611,323
611,345
611,357
611,483
612,437
613,391
613,437
613,483
614,391
614,399
616,437
617,437
617,483
619,357
619,391
619,483
620,391
620,399
620,437
622,399
622,483
623,437
624,391
624,437
625,391
625,437
625,483
626,345
626,391
626,399
626,483
628,323
628,437
628,483
629,483
630,391
631,391
631,399
631,437
632,357
632,437
632,483
634,483
635,399
635,437
636,391
636,437
637,391
638,483
639,437
640,357
640,437
640,483
641,345
641,399
642,391
643,391
643,399
643,437
646,483
647,391
647,437
647,483
648,391
649,483
650,437
650,483
651,437
652,399
653,357
653,391
653,483
654,391
654,437
655,437
655,483
656,345
656,399
658,437
659,391
659,437
659,483
660,391
661,357
661,483
662,399
662,437
663,437
664,399
665,391
666,437
668,483
669,437
670,391
670,437
670,483
671,345
671,391
671,483
673,399
673,437
674,357
674,437
674,483
676,391
676,483
677,391
677,399
677,437
678,437
680,483
681,437
682,391
682,437
682,483
683,399
685,437
688,391
688,483
689,437
691,483
692,437
692,483
693,391
693,437
694,391
694,399
695,357
695,483
696,437
697,437
697,483
698,399
699,391
700,437
701,437
701,483
703,483
704,437
705,391
708,437
709,483
711,391
712,437
715,399
715,437
716,391
716,437
716,483
718,483
719,399
719,437
720,437
722,391
722,483
723,437
724,483
727,437
728,391
730,483
731,437
734,483
735,437
736,399
737,483
738,437
739,391
739,437
739,483
740,399
742,437
743,483
745,391
745,483
746,437
750,437
751,483
754,437
755,483
757,399
758,437
760,483
761,437
762,391
764,483
765,437
766,483
769,437
772,483
773,437
776,483
777,437
778,399
784,437
785,483
787,483
788,437
792,437
793,483
796,437
797,483
806,483
807,437
808,483
811,437
814,483
815,437
818,483
829,483
830,437
834,437
835,483
839,483
853,437
856,483
860,483
877,483
881,483
898,483
902,483
923,483
944,483